{
 "cells": [
  {
   "cell_type": "code",
   "execution_count": 1,
   "metadata": {},
   "outputs": [],
   "source": [
    "import cvxpy as cvx\n",
    "import numpy as np\n",
    "import timeit\n",
    "from ios import *"
   ]
  },
  {
   "cell_type": "code",
   "execution_count": 2,
   "metadata": {},
   "outputs": [
    {
     "name": "stdout",
     "output_type": "stream",
     "text": [
      "[['I' 'L' 'I' 'K' 'E' 'K' 'I' 'L' 'L' 'I' 'N' 'G' 'P' 'E' 'O' 'P' 'L']\n",
      " ['E' 'B' 'E' 'C' 'A' 'U' 'S' 'E' 'I' 'T' 'I' 'S' 'S' 'O' 'M' 'U' 'C']\n",
      " ['H' 'F' 'U' 'N' 'I' 'T' 'I' 'S' 'M' 'O' 'R' 'E' 'F' 'U' 'N' 'T' 'H']\n",
      " ['A' 'N' 'K' 'I' 'L' 'L' 'I' 'N' 'G' 'W' 'I' 'L' 'D' 'G' 'A' 'M' 'E']\n",
      " ['I' 'N' 'T' 'H' 'E' 'F' 'O' 'R' 'R' 'E' 'S' 'T' 'B' 'E' 'C' 'A' 'U']\n",
      " ['S' 'E' 'M' 'A' 'N' 'I' 'S' 'T' 'H' 'E' 'M' 'O' 'S' 'T' 'D' 'A' 'N']\n",
      " ['G' 'E' 'R' 'O' 'U' 'S' 'A' 'N' 'I' 'M' 'A' 'L' 'O' 'F' 'A' 'L' 'L']\n",
      " ['T' 'O' 'K' 'I' 'L' 'L' 'S' 'O' 'M' 'E' 'T' 'H' 'I' 'N' 'G' 'G' 'I']\n",
      " ['V' 'E' 'S' 'M' 'E' 'T' 'H' 'E' 'M' 'O' 'S' 'T' 'T' 'H' 'R' 'I' 'L']\n",
      " ['L' 'I' 'N' 'G' 'E' 'X' 'P' 'E' 'R' 'E' 'N' 'C' 'E' 'I' 'T' 'I' 'S']\n",
      " ['E' 'V' 'E' 'N' 'B' 'E' 'T' 'T' 'E' 'R' 'T' 'H' 'A' 'N' 'G' 'E' 'T']\n",
      " ['T' 'I' 'N' 'G' 'Y' 'O' 'U' 'R' 'R' 'O' 'C' 'K' 'S' 'O' 'F' 'F' 'W']\n",
      " ['I' 'T' 'H' 'A' 'G' 'I' 'R' 'L' 'T' 'H' 'E' 'B' 'E' 'S' 'T' 'P' 'A']\n",
      " ['R' 'T' 'O' 'F' 'I' 'T' 'I' 'S' 'T' 'H' 'A' 'T' 'W' 'H' 'E' 'N' 'I']\n",
      " ['D' 'I' 'E' 'I' 'W' 'I' 'L' 'L' 'B' 'E' 'R' 'E' 'B' 'O' 'R' 'N' 'I']\n",
      " ['N' 'P' 'A' 'R' 'A' 'D' 'I' 'C' 'E' 'A' 'N' 'D' 'A' 'L' 'L' 'T' 'H']\n",
      " ['E' 'I' 'H' 'A' 'V' 'E' 'K' 'I' 'L' 'L' 'E' 'D' 'W' 'I' 'L' 'L' 'B']\n",
      " ['E' 'C' 'O' 'M' 'E' 'M' 'Y' 'S' 'L' 'A' 'V' 'E' 'S' 'I' 'W' 'I' 'L']\n",
      " ['L' 'N' 'O' 'T' 'G' 'I' 'V' 'E' 'Y' 'O' 'U' 'M' 'Y' 'N' 'A' 'M' 'E']\n",
      " ['B' 'E' 'C' 'A' 'U' 'S' 'E' 'Y' 'O' 'U' 'W' 'I' 'L' 'L' 'T' 'R' 'Y']\n",
      " ['T' 'O' 'S' 'L' 'O' 'W' 'D' 'O' 'W' 'N' 'O' 'R' 'S' 'T' 'O' 'P' 'M']\n",
      " ['Y' 'C' 'O' 'L' 'L' 'E' 'C' 'T' 'I' 'N' 'G' 'O' 'F' 'S' 'L' 'A' 'V']\n",
      " ['E' 'S' 'F' 'O' 'R' 'M' 'Y' 'A' 'F' 'T' 'E' 'R' 'L' 'I' 'F' 'E' 'E']\n",
      " ['B' 'E' 'O' 'R' 'I' 'E' 'T' 'E' 'M' 'E' 'T' 'H' 'H' 'P' 'I' 'T' 'I']]\n"
     ]
    }
   ],
   "source": [
    "bigram = get_bigram('data/processed/bigram.npy')\n",
    "plainseq = get_plaintext('408plaincleaned')\n",
    "plainseq = tointseq(plainseq)\n",
    "plainmat = np.reshape(plainseq, (24, 17))\n",
    "\n",
    "def toCharMat(intMat, tour=None):\n",
    "    res = np.chararray(intMat.shape, unicode=True)\n",
    "    if tour is None:\n",
    "        for i in range(intMat.shape[1]):\n",
    "            res[:,i] = tocharseq(intMat[:,i])\n",
    "    else:\n",
    "        for i,j in enumerate(tour):\n",
    "            res[:,i] = tocharseq(intMat[:,j])\n",
    "    return res   \n",
    "\n",
    "charmat = toCharMat(plainmat)\n",
    "print(charmat)"
   ]
  },
  {
   "cell_type": "code",
   "execution_count": 3,
   "metadata": {},
   "outputs": [],
   "source": [
    "# column permutation and revsersible mapping\n",
    "\n",
    "perm = np.random.permutation(17)\n",
    "perm_plainmat = plainmat[:,perm]\n",
    "# print(toCharMat(perm_plainmat, perm=perm))\n",
    "\n",
    "mapback = dict()\n",
    "for i,j in enumerate(perm):\n",
    "    mapback[i] = j"
   ]
  },
  {
   "cell_type": "code",
   "execution_count": 4,
   "metadata": {},
   "outputs": [],
   "source": [
    "def col2col(a,b):\n",
    "    logp = 0\n",
    "    for i,j in zip(a,b):\n",
    "        logp += np.log(bigram[i,j])\n",
    "    return logp\n",
    "\n",
    "def colscore(mat):\n",
    "    score = 0\n",
    "    for i in range(mat.shape[1] - 1):\n",
    "        score += col2col(mat[:,i], mat[:,i+1])\n",
    "    return score"
   ]
  },
  {
   "cell_type": "code",
   "execution_count": 5,
   "metadata": {},
   "outputs": [
    {
     "data": {
      "text/plain": [
       "-991.3825477818259"
      ]
     },
     "execution_count": 5,
     "metadata": {},
     "output_type": "execute_result"
    }
   ],
   "source": [
    "# gold key score\n",
    "colscore(plainmat)"
   ]
  },
  {
   "cell_type": "code",
   "execution_count": 6,
   "metadata": {},
   "outputs": [],
   "source": [
    "# construct score matrix for the permuted character matrix\n",
    "\n",
    "A = np.zeros((18, 18))\n",
    "for i in range(18):\n",
    "    for j in range(18):\n",
    "        if i == 17 or j == 17:\n",
    "            A[i,j] = 0\n",
    "        else:\n",
    "            A[i,j] = col2col(perm_plainmat[:,i], perm_plainmat[:,j])\n",
    "        \n",
    "# AA = np.zeros([18, 18], dtype=float)\n",
    "# AA[1:,1:] = A\n",
    "# A = AA\n",
    "# n = 18\n",
    "\n",
    "n = 18"
   ]
  },
  {
   "cell_type": "code",
   "execution_count": 18,
   "metadata": {},
   "outputs": [],
   "source": [
    "def subtour(B):\n",
    "    \"\"\"\n",
    "    return subtour from a boolean matrix B\n",
    "    \"\"\"\n",
    "    node = 0\n",
    "    subt = [node]\n",
    "    while True:\n",
    "        for j in range(n):\n",
    "            #print (B[subt[-1], j])\n",
    "            if B[j,subt[-1]] > 0.99:\n",
    "                if j not in subt:\n",
    "                    subt.append(j)\n",
    "                else:\n",
    "                    return subt"
   ]
  },
  {
   "cell_type": "code",
   "execution_count": 19,
   "metadata": {
    "scrolled": false
   },
   "outputs": [
    {
     "name": "stdout",
     "output_type": "stream",
     "text": [
      "Minimal time:  -991.3825477818259\n",
      "Optimal tour:  [0, 17, 12, 3, 6, 9, 16, 11, 14, 8, 4, 2, 10, 13, 1, 5, 15, 7]\n",
      "Converge time:  0.3813633879981353\n"
     ]
    }
   ],
   "source": [
    "\"\"\"\n",
    "MTZ subtour elimination constraint\n",
    "\"\"\"\n",
    "\n",
    "# boolean matrix, indicating the trip\n",
    "B = cvx.Bool(n,n)\n",
    "\n",
    "# exemplary matrix\n",
    "C = np.ones((1,n), dtype=int)\n",
    "\n",
    "# auxiliary var\n",
    "# u = cvx.Variable(n, integer=True)\n",
    "u = cvx.Int(n)\n",
    "\n",
    "# objective\n",
    "obj = cvx.Maximize(sum([A[i,:]*B[:,i] for i in range(n)]))\n",
    "\n",
    "\n",
    "# basic condition\n",
    "constraints = [(cvx.sum_entries(B, axis=0) == C), (cvx.sum_entries(B, axis=1) == C.transpose())]\n",
    "\n",
    "# subtour elimination\n",
    "for i in range(1,n):\n",
    "    for j in range(1,n):\n",
    "        if i != j:\n",
    "            constraints.append(u[i] - u[j] + n*B[i,j] <= n - 1)\n",
    "            \n",
    "# condition for u\n",
    "for i in range(1,n):\n",
    "    constraints.append(u[i] >= 0)\n",
    "    constraints.append(u[i] <= n - 1)\n",
    "    \n",
    "st = timeit.default_timer()\n",
    "prob = cvx.Problem(obj, constraints)\n",
    "\n",
    "# Time performance:\n",
    "\n",
    "opt = prob.solve(solver=cvx.GLPK_MI)\n",
    "\n",
    "# Print results\n",
    "print (\"Minimal time: \", opt)\n",
    "print (\"Optimal tour: \", subtour(B.value))\n",
    "print (\"Converge time: \", timeit.default_timer() - st)\n"
   ]
  },
  {
   "cell_type": "code",
   "execution_count": 20,
   "metadata": {},
   "outputs": [
    {
     "name": "stdout",
     "output_type": "stream",
     "text": [
      "[12, 3, 6, 9, 16, 11, 14, 8, 4, 2, 10, 13, 1, 5, 15, 7, 0]\n",
      "[[ 8 11  8 10  4 10  8 11 11  8 13  6 15  4 14 15 11]\n",
      " [ 4  1  4  2  0 20 18  4  8 19  8 18 18 14 12 20  2]\n",
      " [ 7  5 20 13  8 19  8 18 12 14 17  4  5 20 13 19  7]\n",
      " [ 0 13 10  8 11 11  8 13  6 22  8 11  3  6  0 12  4]\n",
      " [ 8 13 19  7  4  5 14 17 17  4 18 19  1  4  2  0 20]\n",
      " [18  4 12  0 13  8 18 19  7  4 12 14 18 19  3  0 13]\n",
      " [ 6  4 17 14 20 18  0 13  8 12  0 11 14  5  0 11 11]\n",
      " [19 14 10  8 11 11 18 14 12  4 19  7  8 13  6  6  8]\n",
      " [21  4 18 12  4 19  7  4 12 14 18 19 19  7 17  8 11]\n",
      " [11  8 13  6  4 23 15  4 17  4 13  2  4  8 19  8 18]\n",
      " [ 4 21  4 13  1  4 19 19  4 17 19  7  0 13  6  4 19]\n",
      " [19  8 13  6 24 14 20 17 17 14  2 10 18 14  5  5 22]\n",
      " [ 8 19  7  0  6  8 17 11 19  7  4  1  4 18 19 15  0]\n",
      " [17 19 14  5  8 19  8 18 19  7  0 19 22  7  4 13  8]\n",
      " [ 3  8  4  8 22  8 11 11  1  4 17  4  1 14 17 13  8]\n",
      " [13 15  0 17  0  3  8  2  4  0 13  3  0 11 11 19  7]\n",
      " [ 4  8  7  0 21  4 10  8 11 11  4  3 22  8 11 11  1]\n",
      " [ 4  2 14 12  4 12 24 18 11  0 21  4 18  8 22  8 11]\n",
      " [11 13 14 19  6  8 21  4 24 14 20 12 24 13  0 12  4]\n",
      " [ 1  4  2  0 20 18  4 24 14 20 22  8 11 11 19 17 24]\n",
      " [19 14 18 11 14 22  3 14 22 13 14 17 18 19 14 15 12]\n",
      " [24  2 14 11 11  4  2 19  8 13  6 14  5 18 11  0 21]\n",
      " [ 4 18  5 14 17 12 24  0  5 19  4 17 11  8  5  4  4]\n",
      " [ 1  4 14 17  8  4 19  4 12  4 19  7  7 15  8 19  8]]\n",
      "[[-991.38254778]]\n",
      "[[0. 0. 0. 0. 0. 0. 0. 1. 0. 0. 0. 0. 0. 0. 0. 0. 0. 0.]\n",
      " [0. 0. 0. 0. 0. 0. 0. 0. 0. 0. 0. 0. 0. 1. 0. 0. 0. 0.]\n",
      " [0. 0. 0. 0. 1. 0. 0. 0. 0. 0. 0. 0. 0. 0. 0. 0. 0. 0.]\n",
      " [0. 0. 0. 0. 0. 0. 0. 0. 0. 0. 0. 0. 1. 0. 0. 0. 0. 0.]\n",
      " [0. 0. 0. 0. 0. 0. 0. 0. 1. 0. 0. 0. 0. 0. 0. 0. 0. 0.]\n",
      " [0. 1. 0. 0. 0. 0. 0. 0. 0. 0. 0. 0. 0. 0. 0. 0. 0. 0.]\n",
      " [0. 0. 0. 1. 0. 0. 0. 0. 0. 0. 0. 0. 0. 0. 0. 0. 0. 0.]\n",
      " [0. 0. 0. 0. 0. 0. 0. 0. 0. 0. 0. 0. 0. 0. 0. 1. 0. 0.]\n",
      " [0. 0. 0. 0. 0. 0. 0. 0. 0. 0. 0. 0. 0. 0. 1. 0. 0. 0.]\n",
      " [0. 0. 0. 0. 0. 0. 1. 0. 0. 0. 0. 0. 0. 0. 0. 0. 0. 0.]\n",
      " [0. 0. 1. 0. 0. 0. 0. 0. 0. 0. 0. 0. 0. 0. 0. 0. 0. 0.]\n",
      " [0. 0. 0. 0. 0. 0. 0. 0. 0. 0. 0. 0. 0. 0. 0. 0. 1. 0.]\n",
      " [0. 0. 0. 0. 0. 0. 0. 0. 0. 0. 0. 0. 0. 0. 0. 0. 0. 1.]\n",
      " [0. 0. 0. 0. 0. 0. 0. 0. 0. 0. 1. 0. 0. 0. 0. 0. 0. 0.]\n",
      " [0. 0. 0. 0. 0. 0. 0. 0. 0. 0. 0. 1. 0. 0. 0. 0. 0. 0.]\n",
      " [0. 0. 0. 0. 0. 1. 0. 0. 0. 0. 0. 0. 0. 0. 0. 0. 0. 0.]\n",
      " [0. 0. 0. 0. 0. 0. 0. 0. 0. 1. 0. 0. 0. 0. 0. 0. 0. 0.]\n",
      " [1. 0. 0. 0. 0. 0. 0. 0. 0. 0. 0. 0. 0. 0. 0. 0. 0. 0.]]\n"
     ]
    }
   ],
   "source": [
    "# re-map and print\n",
    "tour = subtour(B.value)\n",
    "dummy_node_idx = tour.index(17)\n",
    "tour = tour[dummy_node_idx+1:] + tour[:dummy_node_idx]\n",
    "print(tour)\n",
    "proposal = perm_plainmat[:,tour]\n",
    "print(proposal)\n",
    "colscore(proposal)\n",
    "B = B.value\n",
    "print(sum([A[i,:]*B[:,i] for i in range(n)]))\n",
    "print(B)"
   ]
  },
  {
   "cell_type": "code",
   "execution_count": 22,
   "metadata": {},
   "outputs": [],
   "source": [
    "\"\"\"\n",
    "Lazy subtour elimination\n",
    "\"\"\"\n",
    "\n",
    "# boolean matrix, indicating the trip\n",
    "B = cvx.Bool(n,n)\n",
    "\n",
    "# exemplary matrix\n",
    "C = np.ones((1,n), dtype=int)\n",
    "\n",
    "# objective\n",
    "obj = cvx.Maximize(sum([A[i,:]*B[:,i] for i in range(n)]))\n",
    "\n",
    "# basic condition\n",
    "constraints = [(cvx.sum_entries(B, axis=0) == C), (cvx.sum_entries(B, axis=1) == C.transpose())]\n",
    "\n",
    "# preliminary solution, which might involve subtours\n",
    "prob = cvx.Problem(obj, constraints)\n",
    "st = timeit.default_timer()\n",
    "opt = prob.solve()\n",
    "\n",
    "# while True:\n",
    "#     subt = subtour(B.value)\n",
    "#     if len(subt) == n:\n",
    "#         print (\"Minimal time: \", opt)\n",
    "#         print (\"Optimal tour: \", subt)\n",
    "#         print (\"Converge time: \", timeit.default_timer() - st)\n",
    "#         break\n",
    "#     else:\n",
    "#         print (\"Try: \", subt)\n",
    "#         nots = [j for j in range(n) if j not in subt]\n",
    "#         constraints.append(sum(B[i,j] for i in subt for j in nots) >= 1)\n",
    "#         prob = cvx.Problem(obj, constraints)\n",
    "#         opt = prob.solve(solver=cvx.GLPK_MI)"
   ]
  },
  {
   "cell_type": "code",
   "execution_count": 23,
   "metadata": {},
   "outputs": [
    {
     "data": {
      "text/plain": [
       "matrix([[4.57241742e-12, 9.93238988e-12, 7.21044594e-12, 6.40445233e-12,\n",
       "         8.18757096e-12, 8.67529711e-12, 6.12914762e-12, 1.00000000e+00,\n",
       "         1.00407061e-11, 5.80186073e-12, 5.50041079e-12, 9.72292235e-12,\n",
       "         6.88746064e-12, 2.45909686e-11, 6.69580452e-12, 6.38619535e-12,\n",
       "         7.04627926e-12, 3.10228915e-11],\n",
       "        [5.92451961e-12, 6.97119651e-12, 9.01792539e-12, 8.54939731e-12,\n",
       "         7.08193903e-12, 1.47544553e-11, 9.97142297e-12, 1.58688535e-11,\n",
       "         2.05064799e-11, 7.22091006e-12, 6.65253731e-12, 8.43105009e-12,\n",
       "         1.29080317e-11, 1.00000000e+00, 1.09544003e-11, 9.59850349e-12,\n",
       "         7.93450881e-12, 2.71640931e-10],\n",
       "        [6.34640459e-12, 9.05500112e-12, 3.51088182e-12, 6.78683341e-12,\n",
       "         1.00000000e+00, 5.70868701e-12, 4.81060660e-12, 6.46590322e-12,\n",
       "         9.11521981e-12, 6.90755046e-12, 6.45806835e-12, 1.02107433e-11,\n",
       "         7.17613479e-12, 1.07709692e-11, 4.83834320e-12, 1.44058511e-11,\n",
       "         5.52201745e-12, 7.36819792e-12],\n",
       "        [1.23165452e-11, 1.03572462e-11, 9.36344054e-12, 4.55107849e-12,\n",
       "         1.00157319e-11, 1.09198183e-11, 9.38204762e-12, 1.04667453e-11,\n",
       "         1.02863325e-11, 5.82063965e-12, 6.65133052e-12, 7.96916123e-12,\n",
       "         1.00000000e+00, 9.51721884e-12, 1.18985356e-11, 1.12520745e-11,\n",
       "         1.08487762e-11, 1.69990906e-11],\n",
       "        [9.76021839e-11, 5.70139927e-12, 9.64189691e-12, 1.45244665e-11,\n",
       "         5.09788344e-12, 2.71363296e-11, 5.73582903e-12, 9.96117847e-12,\n",
       "         1.00000000e+00, 1.07139561e-11, 5.13015150e-12, 5.59793571e-12,\n",
       "         9.10168531e-12, 9.12040383e-12, 1.37293116e-11, 3.54363970e-11,\n",
       "         7.67239474e-12, 4.67664859e-11],\n",
       "        [8.66736758e-12, 1.00000000e+00, 7.72666213e-12, 8.13348630e-12,\n",
       "         1.06655721e-11, 4.58262866e-12, 6.85194917e-12, 4.51318068e-12,\n",
       "         1.46165339e-11, 1.54373266e-11, 6.16580226e-12, 1.37837930e-11,\n",
       "         6.13485695e-12, 9.95512321e-12, 5.01764169e-12, 1.78388297e-11,\n",
       "         5.46052243e-12, 1.25477891e-11],\n",
       "        [9.35395131e-12, 8.13516758e-12, 5.40352280e-12, 1.00000000e+00,\n",
       "         7.67468423e-12, 7.57324845e-12, 4.19161509e-12, 7.01640157e-12,\n",
       "         1.26690040e-11, 1.91853963e-11, 5.38020532e-12, 7.32617385e-12,\n",
       "         5.57998453e-12, 9.79937169e-12, 7.90357249e-12, 1.09940742e-11,\n",
       "         7.26449495e-12, 2.06303912e-11],\n",
       "        [3.35214096e-10, 8.15126918e-12, 8.29897248e-12, 1.07441681e-11,\n",
       "         5.41597274e-12, 9.40654527e-12, 7.25902391e-12, 4.77704029e-12,\n",
       "         8.02736384e-12, 1.27342506e-11, 8.09300421e-12, 7.47763705e-12,\n",
       "         7.10419801e-12, 9.43400120e-12, 9.61109399e-12, 1.00000000e+00,\n",
       "         1.30538949e-11, 1.54732322e-11],\n",
       "        [8.16703978e-12, 1.39710963e-11, 5.49179219e-12, 4.73830439e-12,\n",
       "         8.47593096e-12, 8.72935493e-12, 5.33903280e-12, 9.32740096e-12,\n",
       "         5.86074860e-12, 1.68165528e-11, 5.81694243e-12, 7.34814543e-12,\n",
       "         1.82558895e-11, 9.84517018e-12, 1.00000000e+00, 1.07872034e-11,\n",
       "         6.63248711e-12, 7.31415274e-12],\n",
       "        [4.13107589e-12, 5.77983919e-12, 9.14243725e-12, 5.51798591e-12,\n",
       "         6.88901846e-12, 8.69556849e-12, 1.00000000e+00, 7.75199702e-12,\n",
       "         8.24108854e-12, 4.13585999e-12, 5.04599469e-12, 6.82582351e-12,\n",
       "         5.92541072e-12, 8.68200234e-12, 5.81708367e-12, 9.09949443e-12,\n",
       "         1.21374634e-11, 1.57699027e-11],\n",
       "        [6.37152320e-12, 8.74739120e-12, 1.00000000e+00, 6.15378042e-12,\n",
       "         5.61253730e-12, 1.47879361e-11, 1.84963325e-11, 1.03749578e-11,\n",
       "         6.16509556e-12, 4.78054974e-12, 3.43460610e-12, 6.93121551e-12,\n",
       "         6.34582796e-12, 1.73023721e-11, 6.19988949e-12, 6.68964158e-12,\n",
       "         1.30555379e-11, 1.36464903e-11],\n",
       "        [8.33952027e-12, 6.93248452e-12, 8.19444751e-12, 7.96276079e-12,\n",
       "         5.51340480e-12, 1.21635035e-11, 6.01729810e-12, 5.98938046e-12,\n",
       "         1.82347329e-11, 7.66225638e-12, 6.88672894e-12, 4.68313359e-12,\n",
       "         6.82346847e-12, 9.48058852e-12, 1.58797862e-11, 1.51071101e-11,\n",
       "         1.00000000e+00, 2.10480079e-11],\n",
       "        [2.03874041e-11, 9.32336659e-12, 1.28925318e-11, 2.83336040e-11,\n",
       "         6.38550890e-12, 6.92080207e-12, 8.11781921e-12, 1.51994214e-11,\n",
       "         9.41201364e-11, 1.47262941e-11, 7.66095438e-12, 1.28947900e-11,\n",
       "         4.94468373e-12, 2.68760036e-11, 9.89126311e-12, 2.78633975e-10,\n",
       "         2.26686221e-11, 9.99999999e-01],\n",
       "        [5.77145337e-12, 4.41299237e-12, 4.00228989e-12, 4.73057625e-12,\n",
       "         5.51977992e-12, 6.36356437e-12, 4.82442252e-12, 5.99476162e-12,\n",
       "         1.02002314e-11, 4.60626140e-12, 1.00000000e+00, 6.03926941e-12,\n",
       "         7.24515725e-12, 5.00397497e-12, 7.09954435e-12, 1.16783813e-11,\n",
       "         5.49528202e-12, 8.24854498e-12],\n",
       "        [7.29079390e-12, 1.80762206e-11, 1.07203040e-11, 7.02729755e-12,\n",
       "         6.69876508e-12, 7.20454996e-12, 6.42337163e-12, 6.65463616e-12,\n",
       "         2.00762901e-11, 8.29400864e-12, 5.73855588e-12, 1.00000000e+00,\n",
       "         6.94824945e-12, 1.40153680e-11, 3.61211913e-12, 9.08447844e-12,\n",
       "         5.28523358e-12, 3.04102254e-11],\n",
       "        [8.03282021e-12, 9.41053290e-12, 2.54733661e-11, 8.30745824e-12,\n",
       "         7.44308662e-12, 1.00000000e+00, 7.83706061e-12, 1.76784327e-11,\n",
       "         1.13308596e-11, 1.27984889e-11, 4.10996953e-12, 1.17115939e-11,\n",
       "         7.39410833e-12, 1.51420077e-11, 8.12904003e-12, 7.55996712e-12,\n",
       "         9.78922208e-12, 3.18071699e-11],\n",
       "        [7.96264680e-12, 7.87123554e-12, 4.31698176e-12, 6.57333635e-12,\n",
       "         7.90294700e-12, 1.08874086e-11, 5.12815032e-12, 7.39658258e-12,\n",
       "         1.15795703e-11, 1.00000000e+00, 7.45970955e-12, 2.59269081e-11,\n",
       "         2.63689928e-11, 1.09902395e-11, 5.13886722e-12, 1.09160157e-11,\n",
       "         3.67985850e-12, 2.72177998e-11],\n",
       "        [9.99999999e-01, 1.52681293e-11, 1.46941065e-11, 1.70351028e-11,\n",
       "         1.08817096e-11, 3.94389523e-11, 1.30706390e-11, 1.93719325e-11,\n",
       "         4.75982048e-11, 2.96711358e-11, 1.10545897e-11, 2.06819664e-11,\n",
       "         2.34750456e-11, 2.33530053e-10, 2.05151427e-11, 1.48557017e-11,\n",
       "         2.33685104e-11, 1.98517230e-12]])"
      ]
     },
     "execution_count": 23,
     "metadata": {},
     "output_type": "execute_result"
    }
   ],
   "source": [
    "B.value"
   ]
  }
 ],
 "metadata": {
  "kernelspec": {
   "display_name": "Python 3",
   "language": "python",
   "name": "python3"
  },
  "language_info": {
   "codemirror_mode": {
    "name": "ipython",
    "version": 3
   },
   "file_extension": ".py",
   "mimetype": "text/x-python",
   "name": "python",
   "nbconvert_exporter": "python",
   "pygments_lexer": "ipython3",
   "version": "3.6.6"
  }
 },
 "nbformat": 4,
 "nbformat_minor": 2
}
