4.616282207858733895e-03 2.353701177078567144e-02 4.802219778963789931e-02 3.990226879251231734e-02 2.188496527697603340e-03 1.529487008413731898e-02 2.362735571657606504e-02 5.968402572407873960e-03 3.748216733645430565e-02 2.334132019695956285e-03 1.377879546646441390e-02 1.024873908520671922e-01 4.284922103706036156e-02 1.871441927648419545e-01 2.010412957793652165e-03 2.294246739341653310e-02 8.450447189255254300e-04 1.135957964070268555e-01 1.013134184278856875e-01 1.294773362151417639e-01 1.309983995437507404e-02 2.223164045549215831e-02 1.051105301611200520e-02 1.772403168295984656e-03 3.090698463437068291e-02 2.060817712966400272e-03
1.266210330119869887e-01 9.840685836506631382e-03 4.574798418214683082e-03 2.024117689552306070e-03 2.779961691810661217e-01 1.075972939663252500e-03 5.785396488931459063e-04 2.205992985927861423e-03 6.220717731010792090e-02 4.035441136696469970e-03 3.854408318336629549e-04 9.911316908658004965e-02 2.738867470511591792e-03 1.515389481656261982e-03 1.166959851396016795e-01 1.644417131656224348e-03 7.872171695991493352e-05 6.598573404845342605e-02 2.012911304014460695e-02 6.115476519630787082e-03 1.158517364921251708e-01 1.714671230593786547e-03 2.001799161780067927e-03 4.313773026227154882e-05 7.471029358631053885e-02 1.161191732846051614e-04
1.443467342460969527e-01 2.158622658342575999e-03 2.191910232909093439e-02 2.595933986717198754e-03 1.434259701817581223e-01 1.938286754544405474e-03 1.315149616103271531e-03 1.458096725238346991e-01 6.117002109243892261e-02 3.007484055196016099e-04 5.218223835364908109e-02 4.116010550601122142e-02 2.070909805208446045e-03 1.361906628722703858e-03 1.936411042230541391e-01 2.773286174608255179e-03 1.141013059191618587e-03 3.993717352337809029e-02 1.000617451844930221e-02 8.610324152622392258e-02 3.334439128956543513e-02 6.824090391966224339e-04 1.863132244019025888e-03 3.838478421359843459e-05 8.294850474789000963e-03 4.194370552728942693e-04
1.067045906120424881e-01 3.705714926834461492e-02 2.295307234894505832e-02 2.428077089165157215e-02 1.640240250605481676e-01 2.447861432240314855e-02 1.481953066074365860e-02 2.782760728216745333e-02 1.315234218453154025e-01 4.850759496554461238e-03 3.190350478700030353e-03 1.851392282410729145e-02 2.151139977573901171e-02 1.723702167301570387e-02 7.961750504694022068e-02 1.908493380919645127e-02 1.719222578902318294e-03 3.460047551116066100e-02 6.329125008224006921e-02 9.563376909618739874e-02 3.556795009483656317e-02 7.515932546355456878e-03 2.977581559426643182e-02 1.663491693154918189e-04 1.345964000687752127e-02 5.949199234433366233e-04
8.304426977766699025e-02 1.866501072638453163e-02 4.940091643251261211e-02 8.940371016669168558e-02 3.545245376750179311e-02 2.539871543731399978e-02 1.588152057151083138e-02 1.448756282317931882e-02 3.071657717778448343e-02 2.409105089559335135e-03 4.622055802283532924e-03 4.425772632478174040e-02 3.477658199126842237e-02 9.389482069956324450e-02 2.591994173774007232e-02 2.687858882953117479e-02 2.800932786153332871e-03 1.478328298218160031e-01 1.093790647885523742e-01 6.300228587589898344e-02 7.041698150031574718e-03 2.026574827159450740e-02 2.831989907660193567e-02 1.082735477132187180e-02 1.442853462838957976e-02 8.920944743660667864e-04
8.799846095090925469e-02 9.351153029160071128e-03 1.653844995279808022e-02 7.875781757625099910e-03 8.980266582852280965e-02 6.407284700402651745e-02 6.714788132219116044e-03 1.587317046165797815e-02 1.262799486454391773e-01 2.841338406262738838e-03 2.410081217962952490e-03 3.043689206463294494e-02 1.317473864271928585e-02 5.626158536480720118e-03 1.992434742369682543e-01 1.263285598377824476e-02 5.001572625242440857e-04 8.780312123864054963e-02 2.155671063085925002e-02 1.442024435794569959e-01 3.304866182505367816e-02 2.576224734353837077e-03 1.059089110064257225e-02 2.033415546297307093e-04 8.317293938634945719e-03 3.283492840409455728e-04
1.252529343504895365e-01 1.319835344111737301e-02 1.448170762284569334e-02 9.804146627862189017e-03 1.607482684569586096e-01 1.632876635879865548e-02 1.636215291300359767e-02 1.101042979906420444e-01 7.915532998507945894e-02 1.971845996963294753e-03 1.825673957074697802e-03 2.871496623834852643e-02 1.313298444012732206e-02 2.703942033809926190e-02 9.125258461630490758e-02 1.354188057946042328e-02 6.658366534530500789e-04 7.789411835448772914e-02 4.369086395442739468e-02 8.188386730052681084e-02 4.199428987400966734e-02 2.081388663129712588e-03 1.747323648676989832e-02 1.646817416691075218e-04 1.091865132050062401e-02 3.177517378503810688e-04
1.667911222403776483e-01 4.701646076891974856e-03 6.681768504490828708e-03 3.842699530233222548e-03 4.668672691321673618e-01 3.868335919398487553e-03 1.991964593981217658e-03 6.166819735399635752e-03 1.274880245512869104e-01 8.805397216167267210e-04 9.754949782120366907e-04 5.422488110747791627e-03 6.273478056971095243e-03 6.417016798043462256e-03 9.147784199450866016e-02 4.537715069668614952e-03 4.694255155508463570e-04 1.781889477274442232e-02 1.141570929119218453e-02 3.872374960563591817e-02 1.285218169288433049e-02 9.159317560711434467e-04 6.506343084400640492e-03 3.489590610558636569e-05 6.706778937328130089e-03 1.718644240911060706e-04
3.124144264038188068e-02 8.116280922302878190e-03 6.705692435462845546e-02 4.028331812696512443e-02 3.906127067690551291e-02 1.793027390019579295e-02 2.976889859269464186e-02 1.907478007020620191e-03 1.896361414243375116e-03 6.844497729958333096e-04 8.074675691678290940e-03 5.584096629235109355e-02 3.293566885232498964e-02 2.738511316058935274e-01 6.625027014897824640e-02 1.045947064409422957e-02 9.109265340241313926e-04 3.648689080872456747e-02 1.166632562559266201e-01 1.185016108580131400e-01 1.801278469390293034e-03 2.851530050941138150e-02 2.880065866702407121e-03 2.746694865017779673e-03 3.072321388487238617e-04 5.827862050286462120e-03
1.783329527745856347e-01 2.017846383166538218e-03 2.579053400982206194e-03 2.280541245123667970e-03 1.548627338653242591e-01 1.316077310795925803e-03 1.251835245862295554e-03 2.182356047016028970e-03 3.723093169006920500e-02 1.674770850012062377e-03 1.454244604421415848e-03 1.264954370954090353e-03 2.325833462702483340e-03 1.504742824020784868e-03 2.833465513724635065e-01 3.594223794990139380e-03 7.517466917679260048e-05 8.378643771919221106e-03 4.094624709205741710e-03 2.124881784709118336e-03 3.045318559949039550e-01 9.292713606688004493e-04 1.674562609931240162e-03 7.777767018706935786e-05 5.958789912725540473e-04 2.976791955352493628e-04
8.217201774903377942e-02 1.328018898672471242e-02 1.218255610369360468e-02 8.062843434472784232e-03 3.089217455886936747e-01 1.558555739855988810e-02 6.069741904721822658e-03 1.885594823597781453e-02 1.686449128473457848e-01 2.228041316568919565e-03 3.446102594028195923e-03 2.454711802989124544e-02 1.408527832779953373e-02 5.522059555263624658e-02 5.099066421799465509e-02 1.089578218981806373e-02 4.033133007041609318e-04 1.470607045832604716e-02 9.360850950747658106e-02 4.188265778621343832e-02 1.469441048372100746e-02 2.122695476356225262e-03 2.087289180335400590e-02 1.474319674562567402e-04 1.604830176385540694e-02 3.246229745761215150e-04
1.271511638687173595e-01 1.351527949010326683e-02 1.277124305486449993e-02 5.620499945526197944e-02 1.666759120357260426e-01 1.482544300696266200e-02 5.082422209161188004e-03 6.989147918919722674e-03 1.277702451913566573e-01 1.197886043438825239e-03 6.386469080549144264e-03 1.351524931830946352e-01 1.215930970446673157e-02 4.127040586987311410e-03 8.555793626246958883e-02 1.395559019155578201e-02 4.232170088166370197e-04 8.256604633092884393e-03 4.759162707487311905e-02 3.739806459462878541e-02 2.415356323947637912e-02 6.792970915597643447e-03 1.007634231842038409e-02 8.484856996120346241e-05 7.538576832692356344e-02 3.144120345740230855e-04
2.004044375758974594e-01 3.784155635570272264e-02 1.011485964725280032e-02 4.417175908953988213e-03 2.500672547775864007e-01 6.565151476341292772e-03 2.617781243266374073e-03 6.526380481085345200e-03 1.117220151773343773e-01 1.232656911212217385e-03 1.019457751412644218e-03 4.393323897191035200e-03 3.424946909075819029e-02 5.126594231099920393e-03 1.188998732391353258e-01 7.193403183555001357e-02 1.960859381189943560e-04 6.065085511481970934e-03 3.601539014794398474e-02 2.805637411044986998e-02 3.448198489133884326e-02 1.251486963608605457e-03 8.608216751805862488e-03 1.308280090924089157e-04 1.789478361644055576e-02 1.677444599387651594e-04
7.617076727532236247e-02 1.165387129010530751e-02 4.921576925517803791e-02 1.494278435291552520e-01 8.841161625611874963e-02 1.601317670929429393e-02 1.247564620313122152e-01 1.266544133886305691e-02 5.645350025967581925e-02 4.343435649430911483e-03 9.844044706027734251e-03 1.194594815940123317e-02 1.228217960619363593e-02 1.675900413164247565e-02 6.111805775652286860e-02 9.601197764564693357e-03 7.033096372482788286e-04 7.742674989305291938e-03 6.892131994264200090e-02 1.640062229035447738e-01 1.207409994670364563e-02 7.098807441146775740e-03 1.363767337905416425e-02 2.421029449191442395e-04 1.404953369191745509e-02 8.619394047097976184e-04
2.012059930914196493e-02 1.907159747210784503e-02 2.347514023836574232e-02 2.336235939417094856e-02 8.031722600947175522e-03 9.375657182187951966e-02 1.278025109612125447e-02 9.991376492628593897e-03 1.638271156904168302e-02 2.029435081985515605e-03 1.043009452912275342e-02 4.213852803125549273e-02 6.467033746037505193e-02 1.747223628972597587e-01 3.121705493427275740e-02 3.210915577106744634e-02 3.766023088705139333e-04 1.403703424777688058e-01 4.173875128194656087e-02 6.166767411578135544e-02 9.551063352246264015e-02 2.256357950251963729e-02 4.485210182013510405e-02 1.995654244446195841e-03 5.933725066616769329e-03 7.016369597089037666e-04
1.344801936062280101e-01 4.115467262136308577e-03 4.460584586315066019e-03 3.043811781845469442e-03 1.735316362115745248e-01 4.659596448959797514e-03 2.352629988564952299e-03 3.148247323920020518e-02 6.194561796938502507e-02 5.241945719146748686e-04 9.250485890916940830e-04 1.093364710498914288e-01 1.037652977555094530e-02 1.466904628099980224e-03 1.327956796463481137e-01 5.430364044399747098e-02 2.073355950856951098e-04 1.469877771727688409e-01 2.648703034342561255e-02 4.248195694493123176e-02 4.299088576926341637e-02 5.360283120114668187e-04 5.910306891223659695e-03 7.592759418035828316e-05 4.414219056613793990e-03 1.080525213922709394e-04
1.623867878503312823e-02 6.030840393092327771e-03 2.355841889373269053e-03 1.916564724475600546e-03 1.329536718292592158e-03 1.938650052021989026e-03 5.669303581157947173e-04 2.710532249768269741e-03 1.620775932646818449e-02 2.963850956725346485e-04 4.467861762634408695e-04 2.120854004279694796e-03 2.719808087337752690e-03 8.410092729664768799e-04 2.074695669707742485e-03 1.338812555862075324e-03 5.519123353842504253e-04 1.319598320896717353e-03 4.604128233595626216e-03 3.735512301196163357e-03 9.208309471977363936e-01 9.302339962538867151e-04 7.656762207057454632e-03 1.689527557298725797e-04 1.006428376288927284e-03 6.183891712988801145e-05
1.046478422075156622e-01 1.222436068817519053e-02 2.547760320447632620e-02 3.297240047209783892e-02 2.225657133565087931e-01 1.255322118749487882e-02 1.697251155841269718e-02 1.084525813700680519e-02 1.009547044601345339e-01 1.892927902088329143e-03 1.640795430620356835e-02 1.754718815724608250e-02 2.695322313391649433e-02 2.580848026673341136e-02 1.067856656042984465e-01 1.310834589350045980e-02 5.733066511856981266e-04 2.154000469245427943e-02 7.758382136104788329e-02 7.838314014855229939e-02 1.947355739471291064e-02 9.836023184745572301e-03 1.223091086452800409e-02 1.412105503299623040e-04 3.210623554577370087e-02 4.143890708601511677e-04
1.059746485083185447e-01 1.956606205691965167e-02 3.805148334514538849e-02 1.353654654067453812e-02 1.110906545542868357e-01 2.139915830706602684e-02 7.200361174685249513e-03 5.909303514038510841e-02 9.075040667065793765e-02 2.481804129925396177e-03 8.180192588778377807e-03 1.749212466992193862e-02 1.966143530212821622e-02 1.464892319621558317e-02 8.421435708832342160e-02 3.724114016866792581e-02 2.819681404812988349e-03 1.237941974806285907e-02 6.664147290083966002e-02 1.903110344501859341e-01 3.534001328186323065e-02 3.107647233323656243e-03 3.055648010909253406e-02 1.795889023126773503e-04 7.801045977908623377e-03 2.812825494976784737e-04
6.764156070414688304e-02 9.870262305317492948e-03 1.344371593109325476e-02 6.070233862721203903e-03 1.094156086401813222e-01 8.713893873023225226e-03 3.958094029824328446e-03 3.026632993400312777e-01 1.109492680553380295e-01 1.447308243318272880e-03 1.578878662722189331e-03 1.397744791952062506e-02 9.726435089862933356e-03 4.610187657445697675e-03 1.192960012986719609e-01 7.942928984253028180e-03 4.116063901253746212e-04 4.092814275076971098e-02 4.895092716712222403e-02 5.010197431839576859e-02 2.193054606064893594e-02 1.806053643469215150e-03 2.305005614973307596e-02 7.283713583831442700e-05 2.071837790467117094e-02 7.243538817544718008e-04
3.918840503983708756e-02 2.553538632044584714e-02 4.902724539355578920e-02 2.987827552634267358e-02 4.207281014046320572e-02 5.992602607413759566e-03 4.125734927149860010e-02 2.897220315094619497e-03 2.972414290355791106e-02 7.527593799194980768e-04 4.395874696230965377e-03 8.685887695434688083e-02 3.747848318233620857e-02 1.300961896679062313e-01 5.548757344682439356e-03 4.530957814337424616e-02 1.996646272887825813e-04 1.480598418435193908e-01 1.340376920131715888e-01 1.292378861965412518e-01 5.382475454616744703e-04 1.810445731686206785e-03 3.011549786745354278e-03 1.236390718215930927e-03 4.541759819231197016e-03 1.312564831132655326e-03
8.883585536663854421e-02 6.307613121797238853e-04 1.275351318515210606e-03 1.849825524014056793e-03 6.335480749474601270e-01 6.069500294302701592e-04 5.528236562112303493e-04 6.526063274789052323e-04 2.026775981917772473e-01 2.470150493573103454e-04 2.478145207381903707e-04 1.059450831008366045e-03 7.567752876741110990e-04 7.148138438452187595e-04 4.868763423691677833e-02 1.352122178414311626e-03 3.215171391214816603e-05 2.083292774565643438e-03 4.409905744268854434e-03 1.359360635511468532e-03 1.789735526440344423e-03 4.824701746937878986e-04 9.854673172750359582e-04 6.897061210186622134e-05 5.036280767521047336e-03 5.689211205019228219e-05
2.120880962685930959e-01 4.972839632622498389e-03 5.647615253103015036e-03 5.449265933072268767e-03 1.660692655020642727e-01 4.234672335248741183e-03 1.761943508959934283e-03 1.492898425537406981e-01 1.916111109928561040e-01 1.252404409274652077e-03 1.876232417390146998e-03 8.284900459008388146e-03 6.369232448462522171e-03 4.596765644043756399e-02 1.147001041535453542e-01 4.052457475400836513e-03 2.046091379158919963e-04 1.545123317845552985e-02 2.504842825608237511e-02 1.639005471874329517e-02 2.278271425224881897e-03 8.052115843005832989e-04 8.496852602612490341e-03 5.892037840384997357e-05 6.973298576775614419e-03 6.654803577053905678e-04
1.097125855169116537e-01 1.141127476319793790e-02 8.469723554979577407e-02 7.292872518826461550e-03 7.935229205951661868e-02 1.371558998478351020e-02 4.767469233326780513e-03 2.021572467619456651e-02 1.243451691894003897e-01 1.289761268574673731e-03 1.656461668765911270e-03 7.230259214227295790e-03 1.547033998053648496e-02 4.214749073541510828e-03 2.562449490720853859e-02 2.233567041133058262e-01 6.571970110641106632e-04 1.092650702700866117e-02 1.872902272280507763e-02 1.832250948300339910e-01 1.790218733997810813e-02 3.775849223279529373e-03 1.447896265771636201e-02 4.253336342654949476e-03 1.144622172390444975e-02 2.526374034408194894e-04
1.012133116061574301e-01 3.770271869916780316e-02 4.373209529235465992e-02 2.967157011933305166e-02 9.086426144124702675e-02 3.222872191747672838e-02 1.466680839279066277e-02 3.203339878729655199e-02 6.237050196003286751e-02 5.294164169601208586e-03 5.479742813220967249e-03 2.815609974031432761e-02 3.517903648613982664e-02 2.077036611322223905e-02 1.270627501734399867e-01 3.609602482688262226e-02 1.229636766783833140e-03 2.826794463627319703e-02 1.054085157892907521e-01 9.386794000589450404e-02 9.723683409768368868e-03 5.752840087928542435e-03 4.724138268979621164e-02 2.369014702528856502e-04 4.655166317764183534e-03 1.094416287569556891e-03
1.887229238109998097e-01 1.028844909734357230e-02 8.335447477052991896e-03 6.683876372052191192e-03 3.473094990627014211e-01 5.821021366020534202e-03 5.356079014606583005e-03 2.186366525288171991e-02 1.308165781096041203e-01 1.455763142238438368e-03 4.928104556577227874e-03 1.625754515719581017e-02 9.350439582782792830e-03 4.923839030417467323e-03 8.612625429320129589e-02 6.172622593760834775e-03 1.172613453347635774e-03 6.638986787228040067e-03 1.929500602353229760e-02 1.156871630615184318e-02 2.306187186318792159e-02 2.912541885943486803e-03 1.398787899961630513e-02 5.002852824519707191e-04 2.150454857428850397e-02 4.494544290481519017e-02
